0.03482
0.03462
0.02587
0.02578
0.02570
0.02584
0.02582
0.02572
0.02570
0.02572
0.02571
0.02569
0.02571
0.02585
0.02571
0.02571
0.02583
0.02572
0.02569
0.02577
0.02586
0.02583
0.02584
0.02572
0.02570
0.02574
0.02572
0.02585
0.02586
0.02587
0.03234
0.02559
0.02555
0.02553
0.02550
0.02556
0.02567
0.02559
0.02557
0.02563
0.02563
0.02560
0.02551
0.02559
0.02556
0.02573
0.02553
0.02558
0.02552
0.02562
0.02553
0.02567
0.02563
0.02564
0.02574
0.02567
0.02569
0.02577
0.02566
0.02570
0.03828
0.03109
0.02952
0.02941
0.02946
0.02960
0.02949
0.02943
0.02932
0.02946
0.02951
0.02937
0.02935
0.02942
0.02931
0.02936
0.02952
0.02955
0.02936
0.02950
0.02944
0.02943
0.02939
0.02938
0.02934
0.02940
0.02937
0.02942
0.02954
0.02937
0.05518
0.04945
0.04242
0.04292
0.04254
0.04232
0.04215
0.04218
0.04218
0.04222
0.04246
0.04224
0.04257
0.04243
0.04250
0.04249
0.04210
0.04223
0.04252
0.04239
0.04205
0.04253
0.04225
0.04251
0.04202
0.04207
0.04266
0.04239
0.04219
0.04239
0.07939
0.06293
0.06273
0.05872
0.05948
0.05975
0.05968
0.0594 
0.05999
0.05982
0.05952
0.05938
0.05973
0.05977
0.05979
0.05976
0.05976
0.05883
0.05958
0.05975
0.05973
0.06027
0.06036
0.05928
0.06024
0.06037
0.06036
0.06008
0.05903
0.06009
0.13016
0.09508
0.09505
0.09495
0.09462
0.09438
0.09459
0.09501
0.09498
0.09466
0.09439
0.09446
0.09404
0.09439
0.09490
0.09482
0.09501
0.09408
0.09389
0.09506
0.09417
0.09501
0.09501
0.09477
0.09512
0.09457
0.09439
0.09481
0.09485
0.09442
0.92107
0.91261
0.90948
0.91976
0.91947
0.92621
0.92384
0.91706
0.92655
0.92747
0.91415
0.92109
0.91899
0.91860
0.93055
0.89281
0.90174
0.90307
0.89925
0.89948
0.90534
0.90383
0.91126
0.90551
0.91004
0.8986 
0.90351
0.89807
0.90616
0.89695
0.90432
0.91632
0.90468
0.90480
0.90200
0.92015
0.90634
0.90662
0.90654
0.91236
0.90923
0.90697
0.90848
0.90332
0.90503
0.79968
0.79998
0.80006
0.79699
0.79951
0.80018
0.79775
0.80246
0.80359
0.80143
0.80393
0.80593
0.80288
0.80365
0.80240
0.74165
0.74107
0.73934
0.74272
0.73916
0.74692
0.74224
0.74816
0.74845
0.74532
0.74102
0.73846
0.74483
0.74992
0.73876
0.92345
0.91477
0.91551
0.93106
0.92333
0.92104
0.92086
0.92708
0.92133
0.92046
0.92451
0.91842
0.92237
0.92312
0.91735
